   1.1776578e+00
   1.3550397e+00
   1.3793821e+00
   1.4467573e+00
   1.4484041e+00
   1.4815962e+00
   1.4824926e+00
   1.5008242e+00
   1.5019947e+00
   1.5133005e+00
   1.5143642e+00
   1.5220289e+00
   1.5229336e+00
   1.5334141e+00
   1.5340547e+00
   1.5373281e+00
   1.5378721e+00
   1.5405024e+00
   1.5409687e+00
   1.5453359e+00
   1.5456876e+00
   1.5472180e+00
   1.5475271e+00
   1.5488414e+00
   1.5491151e+00
   1.5526012e+00
   1.5527983e+00
   1.5552624e+00
   1.5554108e+00
   1.5625249e+00
   1.5627780e+00
   1.5661481e+00
   1.5661631e+00
   1.5705150e+00
   1.5715759e+00
   1.5733524e+00
   1.5733574e+00
   1.5760549e+00
   1.5760763e+00
   1.5823548e+00
   1.5824655e+00
   1.5849170e+00
   1.5850866e+00
   1.5912673e+00
   1.5916468e+00
   1.5961495e+00
   1.5967600e+00
   1.5983376e+00
   1.5990732e+00
   1.6009376e+00
   1.6018408e+00
   1.6040774e+00
   1.6052118e+00
   1.6079437e+00
   1.6094091e+00
   1.6128195e+00
   1.6147819e+00
   1.6191556e+00
   1.6219108e+00
   1.6277136e+00
   1.6318417e+00
   1.6398836e+00
   1.6466841e+00
   1.6584726e+00
   1.6715103e+00
   1.6899693e+00
   1.7233579e+00
   1.7521115e+00
   1.8965037e+00
   2.1794261e+00
   2.5004170e+00
   2.5092661e+00
   2.7830677e+00
   2.8212131e+00
   3.0263202e+00
   3.0666384e+00
   3.2394958e+00
   3.2745057e+00
   3.4300710e+00
   3.4568258e+00
   3.6033681e+00
   3.6200943e+00
   3.7632801e+00
   3.7682649e+00
   3.9038712e+00
   3.9128835e+00
   4.0285185e+00
   4.0549828e+00
   4.1430934e+00
   4.1929360e+00
   4.2478064e+00
   4.3334134e+00
   4.3421276e+00
   4.4247189e+00
   4.4936867e+00
   4.5476304e+00
   4.5871116e+00
   4.6148165e+00
   4.6252387e+00
   4.6341094e+00
   4.6471395e+00
   4.6477771e+00
   4.6577350e+00
   4.6593870e+00
   4.6652105e+00
   4.6674949e+00
   4.6709812e+00
   4.6733394e+00
   4.6755468e+00
   4.6777827e+00
   4.6792368e+00
   4.6812885e+00
   4.6822741e+00
   4.6864883e+00
   4.6869668e+00
   4.6884749e+00
   4.6888134e+00
   4.6901738e+00
   4.6904138e+00
   4.7011699e+00
   4.7011987e+00
   4.7038652e+00
   4.7038948e+00
   4.7056629e+00
   4.7056867e+00
   4.7101674e+00
   4.7110766e+00
   4.7146664e+00
   4.7147224e+00
   4.7196526e+00
   4.7200862e+00
   4.7215247e+00
   4.7232454e+00
   4.7246904e+00
   4.7280940e+00
   4.7311741e+00
   4.7333140e+00
   4.7336506e+00
   4.7513940e+00
   4.7521340e+00
   4.7565032e+00
   4.7582379e+00
   4.7630283e+00
   4.7668072e+00
   4.7715751e+00
   4.7800489e+00
   4.7830794e+00
   4.7989748e+00
   4.8052878e+00
   4.8213259e+00
   4.8526205e+00
   4.8947529e+00
   4.9475763e+00
   5.0752325e+00
   5.1130670e+00
   5.1444783e+00
   5.2028329e+00
   5.2148070e+00
   5.2851915e+00
   5.2857621e+00
   5.3550313e+00
   5.3642071e+00
   5.4239837e+00
   5.4392658e+00
   5.4918597e+00
   5.5115629e+00
   5.5585624e+00
   5.5815009e+00
   5.6240501e+00
   5.6493624e+00
   5.6883150e+00
   5.7153590e+00
   5.7513696e+00
   5.7796566e+00
   5.8132389e+00
   5.8423900e+00
   5.8739553e+00
   5.9036719e+00
   5.9335550e+00
   5.9635984e+00
   5.9920761e+00
   6.0222526e+00
   6.0495575e+00
   6.0797081e+00
   6.1060378e+00
   6.1360297e+00
   6.1615549e+00
   6.1912760e+00
   6.2161455e+00
   6.2454995e+00
   6.2698450e+00
   6.2987481e+00
   6.3226878e+00
   6.3510654e+00
   6.3747065e+00
   6.4024914e+00
   6.4259327e+00
   6.4530627e+00
   6.4763964e+00
   6.5028132e+00
   6.5261265e+00
   6.5517740e+00
   6.5751508e+00
   6.5999739e+00
   6.6234960e+00
   6.6474396e+00
   6.6711878e+00
   6.6941956e+00
   6.7182509e+00
   6.7402646e+00
   6.7647096e+00
   6.7856674e+00
   6.8105874e+00
   6.8304233e+00
   6.8559073e+00
   6.8745497e+00
   6.9006920e+00
   6.9180623e+00
   6.9449643e+00
   6.9609752e+00
   6.9887471e+00
   7.0033009e+00
   7.0320634e+00
   7.0450498e+00
   7.0749374e+00
   7.0862305e+00
   7.1173944e+00
   7.1268494e+00
   7.1594614e+00
   7.1669104e+00
   7.2011684e+00
   7.2064148e+00
   7.2425489e+00
   7.2453604e+00
   7.3215453e+00
   7.3244964e+00
   7.3587562e+00
   7.3651701e+00
   7.3953486e+00
   7.4057415e+00
   7.4312870e+00
   7.4463178e+00
   7.4665229e+00
   7.4870555e+00
   7.5009903e+00
   7.5281999e+00
   7.5346001e+00
   7.5672326e+00
   7.5701762e+00
   7.5987292e+00
   7.6138359e+00
   7.6288819e+00
   7.6574265e+00
   7.6614023e+00
   7.6840435e+00
   7.7083791e+00
   7.7265652e+00
   7.7300975e+00
   7.7489609e+00
   7.7649090e+00
   7.7669584e+00
   7.7780891e+00
   7.7888148e+00
   7.7961380e+00
   7.7974807e+00
   7.8044826e+00
   7.8073784e+00
   7.8101700e+00
   7.8143612e+00
   7.8148286e+00
   7.8186831e+00
   7.8193012e+00
   7.8219059e+00
   7.8230411e+00
   7.8246289e+00
   7.8259968e+00
   7.8269523e+00
   7.8397724e+00
   7.8400119e+00
   7.8409190e+00
   7.8429569e+00
   7.8434740e+00
   7.8448685e+00
   7.8451988e+00
   7.8496842e+00
   7.8496866e+00
   7.8532851e+00
   7.8541858e+00
   7.8559702e+00
   7.8563267e+00
   7.8579050e+00
   7.8622368e+00
   7.8623012e+00
   7.8640853e+00
   7.8641465e+00
   7.8703082e+00
   7.8724265e+00
   7.8743649e+00
   7.8764984e+00
   7.8772151e+00
   7.8783121e+00
   7.8789439e+00
   7.8891396e+00
   7.8904812e+00
   7.8929568e+00
   7.8961269e+00
   7.8975628e+00
   7.9031738e+00
   7.9044807e+00
   7.9100618e+00
   7.9185540e+00
   7.9196080e+00
   7.9290115e+00
   7.9417772e+00
   7.9570957e+00
   7.9750339e+00
   7.9954508e+00
   8.0137560e+00
   8.0180391e+00
   8.0424101e+00
   8.0607852e+00
   8.0681736e+00
   8.0949858e+00
   8.1007919e+00
   8.1225662e+00
   8.1378466e+00
   8.1506955e+00
   8.1731833e+00
   8.1792061e+00
   8.2073574e+00
   8.2079714e+00
   8.2368954e+00
   8.2406693e+00
   8.2659057e+00
   8.2733004e+00
   8.2949472e+00
   8.3053691e+00
   8.3239778e+00
   8.3369570e+00
   8.3529650e+00
   8.3681229e+00
   8.3818840e+00
   8.3989108e+00
   8.4107153e+00
   8.4293546e+00
   8.4394439e+00
   8.4594810e+00
   8.4680581e+00
   8.4893116e+00
   8.4965488e+00
   8.5188641e+00
   8.5249091e+00
   8.5481535e+00
   8.5531334e+00
   8.5771923e+00
   8.5812179e+00
   8.6059915e+00
   8.6091593e+00
   8.6345605e+00
   8.6369557e+00
   8.6629077e+00
   8.6646053e+00
   8.6910407e+00
   8.6921074e+00
   8.7189661e+00
   8.7194613e+00
   8.7737247e+00
   8.7742180e+00
   8.8006348e+00
   8.8015551e+00
   8.8273979e+00
   8.8287062e+00
   8.8540149e+00
   8.8556756e+00
   8.8804866e+00
   8.8824674e+00
   8.9068142e+00
   8.9090854e+00
   8.9329988e+00
   8.9355332e+00
   8.9590416e+00
   8.9618144e+00
   8.9849439e+00
   8.9879320e+00
   9.0107071e+00
   9.0138893e+00
   9.0363324e+00
   9.0396890e+00
   9.0618215e+00
   9.0653341e+00
   9.0871755e+00
   9.0908272e+00
   9.1123960e+00
   9.1161708e+00
   9.1374845e+00
   9.1413675e+00
   9.1624424e+00
   9.1664196e+00
   9.1872711e+00
   9.1913293e+00
   9.2119722e+00
   9.2160990e+00
   9.2365470e+00
   9.2407307e+00
   9.2609970e+00
   9.2652265e+00
   9.2853237e+00
   9.2895883e+00
   9.3095284e+00
   9.3138182e+00
   9.3336127e+00
   9.3379179e+00
   9.3575779e+00
   9.3618893e+00
   9.3814253e+00
   9.3857341e+00
   9.4051565e+00
   9.4094541e+00
   9.4287728e+00
   9.4330509e+00
   9.4522755e+00
   9.4565261e+00
   9.4756659e+00
   9.4798812e+00
   9.4989454e+00
   9.5031179e+00
   9.5221154e+00
   9.5262375e+00
   9.5451771e+00
   9.5492415e+00
   9.5681317e+00
   9.5721314e+00
   9.5909807e+00
   9.5949084e+00
   9.6137252e+00
   9.6175740e+00
   9.6363664e+00
   9.6401294e+00
   9.6589057e+00
   9.6625758e+00
   9.6813442e+00
   9.6849145e+00
   9.7036832e+00
   9.7071467e+00
   9.7259238e+00
   9.7292735e+00
   9.7480673e+00
   9.7512961e+00
   9.7701148e+00
   9.7732156e+00
   9.7920675e+00
   9.7950329e+00
   9.8139265e+00
   9.8167493e+00
   9.8356931e+00
   9.8383655e+00
   9.8573683e+00
   9.8598828e+00
   9.8789533e+00
   9.8813018e+00
   9.9004492e+00
   9.9026237e+00
   9.9218572e+00
   9.9238492e+00
   9.9431785e+00
   9.9449792e+00
   9.9644141e+00
   9.9660145e+00
   9.9855652e+00
   9.9869559e+00
